,Q1,Q2,Q3,S1,S2,S3,S4
Q1,1.0,0.1220597798558293,0.10161247780374835,0.3614444298659198,0.07275818101161984,-0.11911987546652753,0.018982357532153764
Q2,0.1220597798558293,1.0,0.34012922174108096,0.0519274426388318,0.0025270181445755857,-0.05248958625179419,-0.02418360655264947
Q3,0.10161247780374835,0.34012922174108096,1.0,0.06624698007546008,0.001903446779540763,-0.02685483476035347,0.007310574388442026
S1,0.3614444298659198,0.0519274426388318,0.06624698007546008,1.0,0.3816084277893241,0.11804531301889211,0.10653252046740311
S2,0.07275818101161984,0.0025270181445755857,0.001903446779540763,0.3816084277893241,1.0,0.39402250407091116,0.4782824077147685
S3,-0.11911987546652753,-0.05248958625179419,-0.02685483476035347,0.11804531301889211,0.39402250407091116,1.0,0.08632658492237373
S4,0.018982357532153764,-0.02418360655264947,0.007310574388442026,0.10653252046740311,0.4782824077147685,0.08632658492237373,1.0
