{
  "family": "multi_target_joint_label_state",
  "label_corr": [
    [
      1.0,
      0.1221,
      0.1016,
      0.3614,
      0.0728,
      -0.1191,
      0.019
    ],
    [
      0.1221,
      1.0,
      0.3401,
      0.0519,
      0.0025,
      -0.0525,
      -0.0242
    ],
    [
      0.1016,
      0.3401,
      1.0,
      0.0662,
      0.0019,
      -0.0269,
      0.0073
    ],
    [
      0.3614,
      0.0519,
      0.0662,
      1.0,
      0.3816,
      0.118,
      0.1065
    ],
    [
      0.0728,
      0.0025,
      0.0019,
      0.3816,
      1.0,
      0.394,
      0.4783
    ],
    [
      -0.1191,
      -0.0525,
      -0.0269,
      0.118,
      0.394,
      1.0,
      0.0863
    ],
    [
      0.019,
      -0.0242,
      0.0073,
      0.1065,
      0.4783,
      0.0863,
      1.0
    ]
  ],
  "leading_loadings": {
    "Q1": 0.2118,
    "Q2": 0.0253,
    "Q3": 0.0,
    "S1": 0.4709,
    "S2": 0.6336,
    "S3": 0.3642,
    "S4": 0.4456
  },
  "file": "/Users/kbsoo/Downloads/cl/outputs/submission_big_joint_label_state_noq3_prob.csv"
}